9 0.404167 0.391204 0.315741 0.683642
9 0.058796 0.314043 0.095370 0.507716
9 0.528241 0.222994 0.062037 0.344136
9 0.583796 0.189043 0.043519 0.276235
9 0.642593 0.212191 0.072222 0.319444
9 0.827778 0.152778 0.029630 0.206790
9 0.766667 0.118827 0.020370 0.129630
9 0.797222 0.121914 0.025926 0.141975
9 0.736574 0.111111 0.028704 0.126543
9 0.897222 0.164352 0.046296 0.233025
12 0.934259 0.888889 0.081481 0.132716
3 0.867130 0.773920 0.049074 0.094136
2 0.839352 0.904321 0.062037 0.104938
5 0.766667 0.908179 0.055556 0.097222
