9 0.230093 0.314815 0.199074 0.530864
9 0.353704 0.206019 0.046296 0.276235
9 0.285648 0.174383 0.054630 0.231481
9 0.398611 0.322531 0.080556 0.429012
9 0.476389 0.275463 0.060185 0.214506
9 0.625000 0.338735 0.246296 0.581790
9 0.781019 0.290123 0.039815 0.157407
9 0.687500 0.317901 0.039815 0.163580
9 0.741667 0.367284 0.020370 0.055556
9 0.751389 0.307870 0.030556 0.057099
9 0.863889 0.403549 0.211111 0.714506
10 0.931481 0.888117 0.083333 0.131173
2 0.838426 0.902006 0.065741 0.112654
5 0.763889 0.907407 0.057407 0.092593
