0 0.455556 0.481481 0.027778 0.043210
0 0.629630 0.443673 0.029630 0.032407
0 0.744907 0.432870 0.026852 0.038580
9 0.369907 0.293210 0.110185 0.484568
9 0.478704 0.197531 0.096296 0.256173
9 0.154630 0.153549 0.157407 0.211420
9 0.244907 0.178241 0.049074 0.165123
9 0.655556 0.303241 0.107407 0.297840
9 0.731481 0.220679 0.059259 0.240741
9 0.839815 0.225309 0.077778 0.222222
9 0.799074 0.264660 0.053704 0.112654
9 0.552315 0.277778 0.063889 0.083333
9 0.326852 0.253858 0.027778 0.081790
9 0.292130 0.243056 0.034259 0.072531
9 0.197222 0.217593 0.048148 0.080247
10 0.931944 0.892747 0.087963 0.134259
2 0.837963 0.906636 0.066667 0.118827
5 0.765278 0.910494 0.062037 0.098765
