0 0.192593 0.527006 0.053704 0.057099
0 0.511111 0.463735 0.027778 0.038580
0 0.658333 0.446759 0.024074 0.038580
9 0.119907 0.320216 0.219444 0.535494
9 0.348611 0.182099 0.123148 0.262346
9 0.421296 0.225309 0.046296 0.169753
9 0.311111 0.253858 0.020370 0.087963
9 0.269907 0.253086 0.037963 0.080247
9 0.226389 0.245370 0.041667 0.083333
9 0.473611 0.297840 0.045370 0.108025
9 0.548148 0.288580 0.109259 0.358025
9 0.650463 0.256944 0.091667 0.399691
9 0.795833 0.202932 0.087963 0.257716
9 0.765278 0.250772 0.052778 0.112654
9 0.859722 0.304784 0.034259 0.087963
10 0.930556 0.887346 0.081481 0.135802
2 0.841204 0.905093 0.063889 0.103395
5 0.765741 0.908951 0.064815 0.095679
