9 0.187500 0.175926 0.126852 0.253086
9 0.292130 0.240741 0.043519 0.129630
9 0.237037 0.257716 0.038889 0.098765
9 0.171296 0.250000 0.033333 0.064815
9 0.092130 0.165895 0.060185 0.217593
9 0.381944 0.293210 0.126852 0.376543
9 0.492593 0.256173 0.092593 0.413580
9 0.709722 0.206019 0.078704 0.248457
9 0.799074 0.302469 0.037037 0.101852
9 0.697685 0.252315 0.049074 0.103395
10 0.934722 0.888117 0.086111 0.146605
2 0.838426 0.900463 0.060185 0.109568
5 0.764352 0.906636 0.054630 0.094136
0 0.503241 0.442901 0.026852 0.030864
0 0.323148 0.464506 0.031481 0.040123
